3.082548141479492188e+01
3.172687339782714844e+01
3.131360244750976562e+01
3.066738319396972656e+01
3.107979774475097656e+01
3.166779708862304688e+01
3.048426437377929688e+01
3.075416946411132812e+01
3.048118591308593750e+01
2.978698348999023438e+01
3.045736312866210938e+01
2.998656845092773438e+01
2.972621345520019531e+01
2.972299385070800781e+01
3.030196189880371094e+01
3.011594581604003906e+01
3.028523445129394531e+01
3.114554786682128906e+01
3.058854293823242188e+01
3.091348075866699219e+01
3.058469772338867188e+01
3.068102836608886719e+01
3.014270019531250000e+01
3.003334236145019531e+01
3.020249176025390625e+01
3.086243247985839844e+01
3.068086624145507812e+01
3.001863861083984375e+01
3.038136672973632812e+01
3.017591285705566406e+01
3.042610168457031250e+01
2.955346870422363281e+01
3.063548660278320312e+01
3.026433944702148438e+01
3.207832336425781250e+01
3.065668487548828125e+01
3.108258438110351562e+01
3.147908401489257812e+01
3.155023193359375000e+01
3.284625244140625000e+01
3.244362640380859375e+01
3.030897140502929688e+01
3.216381454467773438e+01
3.243591690063476562e+01
2.975471496582031250e+01
3.090722274780273438e+01
3.074697494506835938e+01
3.012679862976074219e+01
3.109237289428710938e+01
3.073554992675781250e+01
2.998363685607910156e+01
3.180256843566894531e+01
3.079361724853515625e+01
3.114742088317871094e+01
3.137406158447265625e+01
3.167826652526855469e+01
3.200993347167968750e+01
3.095433425903320312e+01
3.176637268066406250e+01
3.299346160888671875e+01
3.333568191528320312e+01
3.245730209350585938e+01
3.288464355468750000e+01
3.443457794189453125e+01
3.315926742553710938e+01
3.432809448242187500e+01
3.359869384765625000e+01
3.451013565063476562e+01
3.394042205810546875e+01
3.540678405761718750e+01
3.474289703369140625e+01
3.487461853027343750e+01
3.404650115966796875e+01
3.429919052124023438e+01
3.392258834838867188e+01
3.390929412841796875e+01
3.555955505371093750e+01
3.504842376708984375e+01
3.599363708496093750e+01
3.406641387939453125e+01
3.576488494873046875e+01
3.594489288330078125e+01
3.587483215332031250e+01
3.658042907714843750e+01
3.581971740722656250e+01
3.662743377685546875e+01
3.536113357543945312e+01
3.549998092651367188e+01
3.477360916137695312e+01
3.413743591308593750e+01
3.538518905639648438e+01
3.516628265380859375e+01
3.555422592163085938e+01
3.504171752929687500e+01
3.600151062011718750e+01
3.631841278076171875e+01
3.653805541992187500e+01
3.529898071289062500e+01
3.654825592041015625e+01
3.767110443115234375e+01
3.822904968261718750e+01
3.903036880493164062e+01
3.930117797851562500e+01
3.905793380737304688e+01
3.811818313598632812e+01
3.733129119873046875e+01
3.781473159790039062e+01
3.736798095703125000e+01
3.665329742431640625e+01
3.629508590698242188e+01
3.714078521728515625e+01
3.722583770751953125e+01
3.738259124755859375e+01
3.693576812744140625e+01
3.499510574340820312e+01
3.499224090576171875e+01
3.497349548339843750e+01
3.470251464843750000e+01
3.566617202758789062e+01
3.542738342285156250e+01
3.641152954101562500e+01
3.474755859375000000e+01
3.509504699707031250e+01
3.535861587524414062e+01
3.422677230834960938e+01
3.502887725830078125e+01
3.474101257324218750e+01
3.475989532470703125e+01
3.481975936889648438e+01
3.565284347534179688e+01
3.509611511230468750e+01
3.502494049072265625e+01
3.557444763183593750e+01
3.435879898071289062e+01
3.539980697631835938e+01
3.429084014892578125e+01
3.430625152587890625e+01
3.544946670532226562e+01
3.397428894042968750e+01
3.558539581298828125e+01
3.536254119873046875e+01
3.656952285766601562e+01
3.574347686767578125e+01
3.602391433715820312e+01
3.631096649169921875e+01
3.642344665527343750e+01
3.581267166137695312e+01
3.507895660400390625e+01
3.574155044555664062e+01
3.549596405029296875e+01
3.630781173706054688e+01
3.550920867919921875e+01
3.625531005859375000e+01
3.596958923339843750e+01
3.542021942138671875e+01
3.638359069824218750e+01
3.478649902343750000e+01
3.451970291137695312e+01
3.572938537597656250e+01
3.482791137695312500e+01
3.405093002319335938e+01
3.475607681274414062e+01
3.343814849853515625e+01
3.343281555175781250e+01
3.413282394409179688e+01
3.466112518310546875e+01
3.246709823608398438e+01
3.293057632446289062e+01
3.365345001220703125e+01
3.301180648803710938e+01
3.222152328491210938e+01
3.251282119750976562e+01
3.333033752441406250e+01
3.384527206420898438e+01
3.322068023681640625e+01
3.444205093383789062e+01
3.224755477905273438e+01
3.232727432250976562e+01
3.298521423339843750e+01
3.207587432861328125e+01
3.298304748535156250e+01
3.190852355957031250e+01
3.137394714355468750e+01
3.156768798828125000e+01
3.182271575927734375e+01
3.175851440429687500e+01
3.134120559692382812e+01
3.085827255249023438e+01
3.106201934814453125e+01
3.194711875915527344e+01
3.124938583374023438e+01
3.214793014526367188e+01
3.086684417724609375e+01
3.078205108642578125e+01
3.222321701049804688e+01
3.201787567138671875e+01
3.181323814392089844e+01
3.170920944213867188e+01
3.174219894409179688e+01
3.139898681640625000e+01
3.312157058715820312e+01
3.260295486450195312e+01
3.364049530029296875e+01
3.383024597167968750e+01
3.371457672119140625e+01
3.339926910400390625e+01
3.375543212890625000e+01
3.365079879760742188e+01
3.366258239746093750e+01
3.363874435424804688e+01
3.425188446044921875e+01
3.435012054443359375e+01
3.502764511108398438e+01
3.527490234375000000e+01
3.271312332153320312e+01
3.343672180175781250e+01
3.202546691894531250e+01
3.312750244140625000e+01
3.400635147094726562e+01
3.344752502441406250e+01
3.444094848632812500e+01
3.403285217285156250e+01
3.403941726684570312e+01
3.469290161132812500e+01
3.366295623779296875e+01
3.519395446777343750e+01
3.266236495971679688e+01
3.363128662109375000e+01
3.494439315795898438e+01
3.388149261474609375e+01
3.286657714843750000e+01
3.411637878417968750e+01
3.322382354736328125e+01
3.328821563720703125e+01
3.372640991210937500e+01
3.178984069824218750e+01
3.399494934082031250e+01
3.364001846313476562e+01
3.427223205566406250e+01
3.280002593994140625e+01
3.291461944580078125e+01
3.394471740722656250e+01
3.355718994140625000e+01
3.331777572631835938e+01
3.292108154296875000e+01
3.247460174560546875e+01
3.307153701782226562e+01
3.401867294311523438e+01
3.422275543212890625e+01
3.320662307739257812e+01
3.211867523193359375e+01
3.246278381347656250e+01
3.314631271362304688e+01
3.310346603393554688e+01
3.265077972412109375e+01
3.354140472412109375e+01
3.330413818359375000e+01
3.361356353759765625e+01
3.361930084228515625e+01
3.373767852783203125e+01
3.282376861572265625e+01
3.392643356323242188e+01
3.322013854980468750e+01
3.510019683837890625e+01
3.497307586669921875e+01
3.494986724853515625e+01
3.614759826660156250e+01
3.408630371093750000e+01
3.472222518920898438e+01
3.496387481689453125e+01
3.437258148193359375e+01
3.533631134033203125e+01
3.558173370361328125e+01
3.513333511352539062e+01
3.437117004394531250e+01
3.527265167236328125e+01
3.563388824462890625e+01
3.574057388305664062e+01
3.524694442749023438e+01
3.527116394042968750e+01
3.441088867187500000e+01
3.531694412231445312e+01
3.501542663574218750e+01
3.479396057128906250e+01
3.515000534057617188e+01
3.535725402832031250e+01
3.590889739990234375e+01
3.556235122680664062e+01
3.453336334228515625e+01
3.490460205078125000e+01
3.711095428466796875e+01
3.598595428466796875e+01
3.585443878173828125e+01
3.469023895263671875e+01
3.529605865478515625e+01
3.613461303710937500e+01
3.441481018066406250e+01
3.521073532104492188e+01
3.474604415893554688e+01
3.391434097290039062e+01
3.454455566406250000e+01
3.471323394775390625e+01
3.489023971557617188e+01
3.422830200195312500e+01
3.282373809814453125e+01
3.470832824707031250e+01
3.296823883056640625e+01
3.376494979858398438e+01
3.385718154907226562e+01
3.241689300537109375e+01
3.257531356811523438e+01
3.292107772827148438e+01
3.261114501953125000e+01
3.325509643554687500e+01
3.212454223632812500e+01
3.269659805297851562e+01
3.168021774291992188e+01
3.291880798339843750e+01
3.256538009643554688e+01
3.274991989135742188e+01
3.302631759643554688e+01
3.267023468017578125e+01
3.320407104492187500e+01
3.265538406372070312e+01
3.405326080322265625e+01
3.368381118774414062e+01
3.290341567993164062e+01
3.325378417968750000e+01
3.385507965087890625e+01
3.235756683349609375e+01
3.457172393798828125e+01
3.523427581787109375e+01
3.470923233032226562e+01
3.433451843261718750e+01
3.529206085205078125e+01
3.453430557250976562e+01
3.451567840576171875e+01
3.442280197143554688e+01
3.464389038085937500e+01
3.286692047119140625e+01
3.416015625000000000e+01
3.525415420532226562e+01
3.451701736450195312e+01
3.399976348876953125e+01
3.381832122802734375e+01
3.525309753417968750e+01
3.420526504516601562e+01
3.507948303222656250e+01
3.621381378173828125e+01
3.510300827026367188e+01
3.525148773193359375e+01
3.495229339599609375e+01
3.371932601928710938e+01
3.349804687500000000e+01
3.235573577880859375e+01
3.330567932128906250e+01
3.178713607788085938e+01
3.240800857543945312e+01
3.249305343627929688e+01
3.132416343688964844e+01
3.149324226379394531e+01
3.176954650878906250e+01
3.114071083068847656e+01
3.171287345886230469e+01
3.178844070434570312e+01
3.252842330932617188e+01
3.181906127929687500e+01
3.165808868408203125e+01
3.229682922363281250e+01
3.149026870727539062e+01
3.114743423461914062e+01
3.079030799865722656e+01
3.219618988037109375e+01
3.064601135253906250e+01
3.128908920288085938e+01
3.128064155578613281e+01
3.185691070556640625e+01
3.046059608459472656e+01
3.114006423950195312e+01
3.107699584960937500e+01
3.084651184082031250e+01
3.075337219238281250e+01
3.199536132812500000e+01
3.195453643798828125e+01
3.172336196899414062e+01
3.159528541564941406e+01
3.138168716430664062e+01
3.212445831298828125e+01
3.305969238281250000e+01
3.162631797790527344e+01
3.188678741455078125e+01
3.181008148193359375e+01
3.199460220336914062e+01
3.163131332397460938e+01
3.085982131958007812e+01
3.158393096923828125e+01
3.043025588989257812e+01
3.109727859497070312e+01
3.186883354187011719e+01
3.104097366333007812e+01
3.229098510742187500e+01
3.063181686401367188e+01
3.193445205688476562e+01
3.058101654052734375e+01
3.174840736389160156e+01
3.128998374938964844e+01
3.189805793762207031e+01
3.226454544067382812e+01
3.248979568481445312e+01
3.254620742797851562e+01
3.251487731933593750e+01
3.236997604370117188e+01
3.211868667602539062e+01
3.260795593261718750e+01
3.194066429138183594e+01
3.303620910644531250e+01
3.242115783691406250e+01
3.240787506103515625e+01
3.193967819213867188e+01
3.199714088439941406e+01
3.201670455932617188e+01
3.297835540771484375e+01
3.407086944580078125e+01
3.372664642333984375e+01
3.389697647094726562e+01
3.433823394775390625e+01
3.420082473754882812e+01
3.516255950927734375e+01
3.501612091064453125e+01
3.413059997558593750e+01
3.515129852294921875e+01
3.407081604003906250e+01
3.509918212890625000e+01
3.554986572265625000e+01
3.690919494628906250e+01
3.533426284790039062e+01
3.542114257812500000e+01
3.674161529541015625e+01
3.555757141113281250e+01
3.553130340576171875e+01
3.512229919433593750e+01
3.509215927124023438e+01
3.547259521484375000e+01
3.541040802001953125e+01
3.519493484497070312e+01
3.540996551513671875e+01
3.522127151489257812e+01
3.484164810180664062e+01
3.402254867553710938e+01
3.463021469116210938e+01
3.398387908935546875e+01
3.359017944335937500e+01
3.339967346191406250e+01
3.414720153808593750e+01
3.380048370361328125e+01
3.356184387207031250e+01
3.424587249755859375e+01
3.403681564331054688e+01
3.288764572143554688e+01
3.352869415283203125e+01
3.296591567993164062e+01
3.423838806152343750e+01
3.313859176635742188e+01
3.417969894409179688e+01
3.309457015991210938e+01
3.304533386230468750e+01
3.328003311157226562e+01
3.305510330200195312e+01
3.486390686035156250e+01
3.273759460449218750e+01
3.340738296508789062e+01
3.365021896362304688e+01
3.427315139770507812e+01
3.296237182617187500e+01
3.372622299194335938e+01
3.356777954101562500e+01
3.561490249633789062e+01
3.327539443969726562e+01
3.385558700561523438e+01
3.437748336791992188e+01
3.305302429199218750e+01
3.456617355346679688e+01
3.424367904663085938e+01
3.406259918212890625e+01
3.390508651733398438e+01
3.261773681640625000e+01
3.358250427246093750e+01
3.274783325195312500e+01
3.222418594360351562e+01
3.284310150146484375e+01
3.232210540771484375e+01
3.066977691650390625e+01
3.031892013549804688e+01
3.016221046447753906e+01
3.091370773315429688e+01
2.885175132751464844e+01
3.051914978027343750e+01
3.054441070556640625e+01
2.988679695129394531e+01
3.016150474548339844e+01
3.070355224609375000e+01
3.168564224243164062e+01
3.051136398315429688e+01
3.055179214477539062e+01
3.088605499267578125e+01
3.055924224853515625e+01
3.099555969238281250e+01
3.026426124572753906e+01
3.136445426940917969e+01
3.099994468688964844e+01
3.183617782592773438e+01
3.168216705322265625e+01
3.034364318847656250e+01
3.050005340576171875e+01
3.059042930603027344e+01
3.158363151550292969e+01
3.144327163696289062e+01
3.094656753540039062e+01
3.177191925048828125e+01
3.098186874389648438e+01
3.105196380615234375e+01
3.099151229858398438e+01
3.168441009521484375e+01
3.088734436035156250e+01
3.136122512817382812e+01
3.125685882568359375e+01
3.049719238281250000e+01
3.088787841796875000e+01
3.046569633483886719e+01
3.023027038574218750e+01
3.134941864013671875e+01
3.148161888122558594e+01
3.125282669067382812e+01
3.064573860168457031e+01
3.083006286621093750e+01
2.977885627746582031e+01
3.055981636047363281e+01
3.184095001220703125e+01
3.082743644714355469e+01
3.159017753601074219e+01
3.147605133056640625e+01
3.122798919677734375e+01
3.146688652038574219e+01
3.179223823547363281e+01
3.128528594970703125e+01
3.230819702148437500e+01
3.088348007202148438e+01
3.164424133300781250e+01
3.149277877807617188e+01
3.134401321411132812e+01
3.194448852539062500e+01
3.347894668579101562e+01
3.357432556152343750e+01
3.246650695800781250e+01
3.232656478881835938e+01
3.217370986938476562e+01
3.240502166748046875e+01
3.299894714355468750e+01
3.312501144409179688e+01
3.282662200927734375e+01
3.321905899047851562e+01
3.338840866088867188e+01
3.498234939575195312e+01
3.379718780517578125e+01
3.261905288696289062e+01
3.256477355957031250e+01
3.357920837402343750e+01
3.271870803833007812e+01
3.288519287109375000e+01
3.130119705200195312e+01
3.224664306640625000e+01
3.210058975219726562e+01
3.258846282958984375e+01
3.332675933837890625e+01
3.420633697509765625e+01
3.359545516967773438e+01
3.260526657104492188e+01
3.367904663085937500e+01
3.312733459472656250e+01
3.323043823242187500e+01
3.307488632202148438e+01
3.350015258789062500e+01
3.364023590087890625e+01
3.324459457397460938e+01
3.492877197265625000e+01
3.450202178955078125e+01
3.455136871337890625e+01
3.453304672241210938e+01
3.527889251708984375e+01
3.514391326904296875e+01
3.636300277709960938e+01
3.660381698608398438e+01
3.647782135009765625e+01
3.620156097412109375e+01
3.664073181152343750e+01
3.750768661499023438e+01
3.645153045654296875e+01
3.751217651367187500e+01
3.804964447021484375e+01
3.723780822753906250e+01
3.796952056884765625e+01
3.734976577758789062e+01
3.752701950073242188e+01
3.732675552368164062e+01
3.741936492919921875e+01
3.751455688476562500e+01
3.851104354858398438e+01
3.772037887573242188e+01
3.777688598632812500e+01
3.720035171508789062e+01
3.766107940673828125e+01
3.812951660156250000e+01
3.729491806030273438e+01
3.861795806884765625e+01
3.616687011718750000e+01
3.726304626464843750e+01
3.657630920410156250e+01
3.789860916137695312e+01
3.729637908935546875e+01
3.801002502441406250e+01
3.691820526123046875e+01
3.704836654663085938e+01
3.695504760742187500e+01
3.670653533935546875e+01
3.853841018676757812e+01
3.685799789428710938e+01
3.680302429199218750e+01
3.642321777343750000e+01
3.679339218139648438e+01
3.689203262329101562e+01
3.652373123168945312e+01
3.776483154296875000e+01
3.645964813232421875e+01
3.613715744018554688e+01
3.606856155395507812e+01
3.779530715942382812e+01
3.721993255615234375e+01
3.650768280029296875e+01
3.566454315185546875e+01
3.585321044921875000e+01
3.583781051635742188e+01
3.624038314819335938e+01
3.532791900634765625e+01
3.616640472412109375e+01
3.628057861328125000e+01
3.562967300415039062e+01
3.662243270874023438e+01
3.646865081787109375e+01
3.599229812622070312e+01
3.469684219360351562e+01
3.472261810302734375e+01
3.533219909667968750e+01
3.682315444946289062e+01
3.680319976806640625e+01
3.641445159912109375e+01
3.591837310791015625e+01
3.718564224243164062e+01
3.553735351562500000e+01
3.755008697509765625e+01
3.643397140502929688e+01
3.639128875732421875e+01
3.562992095947265625e+01
3.572782516479492188e+01
3.631619262695312500e+01
3.764235305786132812e+01
3.657517242431640625e+01
3.618917846679687500e+01
3.526211547851562500e+01
3.703656768798828125e+01
3.576995086669921875e+01
3.537471389770507812e+01
3.655265426635742188e+01
3.686573410034179688e+01
3.661175918579101562e+01
3.724810028076171875e+01
3.662923431396484375e+01
3.709866714477539062e+01
3.801295471191406250e+01
3.618820571899414062e+01
3.604096603393554688e+01
3.654953002929687500e+01
3.684260559082031250e+01
3.732766342163085938e+01
3.767175674438476562e+01
3.683388519287109375e+01
3.631554412841796875e+01
3.630773162841796875e+01
3.637009048461914062e+01
3.602395629882812500e+01
3.788206481933593750e+01
3.524438858032226562e+01
3.568848037719726562e+01
3.608198928833007812e+01
3.466603088378906250e+01
3.496205139160156250e+01
3.605374145507812500e+01
3.547877120971679688e+01
3.497055816650390625e+01
3.494831848144531250e+01
3.493907546997070312e+01
3.469625854492187500e+01
3.468987274169921875e+01
3.516773605346679688e+01
3.595356750488281250e+01
3.738100433349609375e+01
3.628712844848632812e+01
3.627516937255859375e+01
3.596984100341796875e+01
3.650113296508789062e+01
3.710943222045898438e+01
3.591205978393554688e+01
3.682377624511718750e+01
3.640162658691406250e+01
3.673095703125000000e+01
3.819410705566406250e+01
3.706114196777343750e+01
3.854270172119140625e+01
3.630753326416015625e+01
3.874299621582031250e+01
3.967633056640625000e+01
3.873361968994140625e+01
4.032419586181640625e+01
4.000148391723632812e+01
4.016791534423828125e+01
3.989765930175781250e+01
4.098692703247070312e+01
3.983636093139648438e+01
4.142436218261718750e+01
4.064786911010742188e+01
4.194526672363281250e+01
4.171017456054687500e+01
4.203332901000976562e+01
4.264056015014648438e+01
4.181846618652343750e+01
4.132467651367187500e+01
4.243473815917968750e+01
4.223098754882812500e+01
4.129529953002929688e+01
4.156705474853515625e+01
4.336361312866210938e+01
4.256543350219726562e+01
4.281547927856445312e+01
4.333283615112304688e+01
4.188857269287109375e+01
4.342497634887695312e+01
4.278102111816406250e+01
4.163949584960937500e+01
4.241425704956054688e+01
4.230831146240234375e+01
4.355879592895507812e+01
4.242172241210937500e+01
4.305692291259765625e+01
4.244894790649414062e+01
4.257998275756835938e+01
4.294727325439453125e+01
4.075699996948242188e+01
4.120221710205078125e+01
4.216254806518554688e+01
4.210309600830078125e+01
4.242700958251953125e+01
4.112334060668945312e+01
4.181937789916992188e+01
3.987528991699218750e+01
4.133054733276367188e+01
4.105314254760742188e+01
4.156854629516601562e+01
4.251194763183593750e+01
4.141676330566406250e+01
4.208346939086914062e+01
4.209952926635742188e+01
4.187339401245117188e+01
4.258484268188476562e+01
4.167049407958984375e+01
4.224967193603515625e+01
4.145722961425781250e+01
4.281349945068359375e+01
4.300064849853515625e+01
4.241016006469726562e+01
4.353751373291015625e+01
4.229118347167968750e+01
4.250340270996093750e+01
4.327954864501953125e+01
4.332302093505859375e+01
4.320082473754882812e+01
4.313011169433593750e+01
4.335377883911132812e+01
4.455349731445312500e+01
4.328271484375000000e+01
4.416177368164062500e+01
4.384350967407226562e+01
4.387445068359375000e+01
4.353559494018554688e+01
4.251730728149414062e+01
4.312619781494140625e+01
4.376364517211914062e+01
4.476538085937500000e+01
4.458964538574218750e+01
4.446733474731445312e+01
4.537545776367187500e+01
4.409272384643554688e+01
4.259873199462890625e+01
4.335421371459960938e+01
4.352922821044921875e+01
4.357299423217773438e+01
4.308282089233398438e+01
4.255591201782226562e+01
4.388963699340820312e+01
4.400728225708007812e+01
4.319249725341796875e+01
4.204972839355468750e+01
4.207649993896484375e+01
4.202439117431640625e+01
4.251475524902343750e+01
4.010291671752929688e+01
4.104619598388671875e+01
4.111346817016601562e+01
4.054718780517578125e+01
4.134795761108398438e+01
4.109532928466796875e+01
4.130192184448242188e+01
4.219640731811523438e+01
4.251645660400390625e+01
4.172857284545898438e+01
4.200230407714843750e+01
4.185774612426757812e+01
4.118814086914062500e+01
4.237592697143554688e+01
4.229328918457031250e+01
4.237448501586914062e+01
4.228307723999023438e+01
4.203479385375976562e+01
4.176612472534179688e+01
4.344363403320312500e+01
4.257717895507812500e+01
4.162705230712890625e+01
4.162199783325195312e+01
4.258126831054687500e+01
4.337726211547851562e+01
4.047517395019531250e+01
4.011383056640625000e+01
4.123213958740234375e+01
4.028375625610351562e+01
3.862745666503906250e+01
3.843594741821289062e+01
3.757909011840820312e+01
3.923551177978515625e+01
4.009143066406250000e+01
4.008064651489257812e+01
4.003752517700195312e+01
3.978798675537109375e+01
4.130329513549804688e+01
4.042642593383789062e+01
4.150300216674804688e+01
4.007602310180664062e+01
4.095343399047851562e+01
4.099305343627929688e+01
4.059228134155273438e+01
4.027627563476562500e+01
4.087229537963867188e+01
4.107594299316406250e+01
4.134294509887695312e+01
4.111054229736328125e+01
4.077720260620117188e+01
4.363990783691406250e+01
4.087393951416015625e+01
4.132050323486328125e+01
4.142937850952148438e+01
3.936783218383789062e+01
4.002919769287109375e+01
4.012310409545898438e+01
3.988177108764648438e+01
3.928123474121093750e+01
3.938259887695312500e+01
3.951939773559570312e+01
4.085302352905273438e+01
3.963683319091796875e+01
3.837451553344726562e+01
3.969939422607421875e+01
4.044514083862304688e+01
4.033525085449218750e+01
4.066233062744140625e+01
4.132607269287109375e+01
4.090216064453125000e+01
4.137617111206054688e+01
4.232107162475585938e+01
4.169145965576171875e+01
4.095535659790039062e+01
4.107875442504882812e+01
4.216518020629882812e+01
4.153203964233398438e+01
4.270863342285156250e+01
4.149795913696289062e+01
4.279533004760742188e+01
4.251169204711914062e+01
4.266395568847656250e+01
4.313056564331054688e+01
4.337136077880859375e+01
4.149345397949218750e+01
4.289173889160156250e+01
4.248824691772460938e+01
4.193005371093750000e+01
4.214686584472656250e+01
4.261573028564453125e+01
4.268285369873046875e+01
4.165464401245117188e+01
4.280884552001953125e+01
4.301448440551757812e+01
4.358102798461914062e+01
4.297498321533203125e+01
4.344622802734375000e+01
4.257662582397460938e+01
4.262245941162109375e+01
4.410232162475585938e+01
4.403661346435546875e+01
4.535474395751953125e+01
4.445792007446289062e+01
4.365914916992187500e+01
4.390246963500976562e+01
4.379503250122070312e+01
4.612947463989257812e+01
4.501173400878906250e+01
4.606892395019531250e+01
4.457519912719726562e+01
4.487505722045898438e+01
4.537905502319335938e+01
4.457268142700195312e+01
4.482641220092773438e+01
4.426338195800781250e+01
4.370075607299804688e+01
4.456980133056640625e+01
4.332859420776367188e+01
4.184134292602539062e+01
4.416740798950195312e+01
4.438786697387695312e+01
4.359808349609375000e+01
4.431942749023437500e+01
4.425383377075195312e+01
4.337660980224609375e+01
4.420082855224609375e+01
4.336138534545898438e+01
4.412836456298828125e+01
4.543988037109375000e+01
4.426136398315429688e+01
4.566757583618164062e+01
4.589278793334960938e+01
4.528846359252929688e+01
4.453992462158203125e+01
4.506270599365234375e+01
4.536972045898437500e+01
4.501474761962890625e+01
4.614106750488281250e+01
4.540858459472656250e+01
4.562495422363281250e+01
4.659104156494140625e+01
4.596053695678710938e+01
4.519994735717773438e+01
4.586145401000976562e+01
4.564442062377929688e+01
4.529246139526367188e+01
4.562591934204101562e+01
4.493557739257812500e+01
4.546696090698242188e+01
4.401117706298828125e+01
4.453954696655273438e+01
4.298777008056640625e+01
4.308379364013671875e+01
4.522643280029296875e+01
4.474742507934570312e+01
4.404626846313476562e+01
4.359519577026367188e+01
4.337380981445312500e+01
4.395571136474609375e+01
4.501619338989257812e+01
4.558713531494140625e+01
4.621275329589843750e+01
4.562314987182617188e+01
4.571506500244140625e+01
4.536817550659179688e+01
4.572565078735351562e+01
4.513210296630859375e+01
4.591328811645507812e+01
4.483524703979492188e+01
4.617560195922851562e+01
4.563047027587890625e+01
4.449150848388671875e+01
4.549018859863281250e+01
4.578862380981445312e+01
4.617611312866210938e+01
4.637735366821289062e+01
4.619285583496093750e+01
4.535228347778320312e+01
4.676003646850585938e+01
4.777602005004882812e+01
4.663533020019531250e+01
4.632594299316406250e+01
4.677645492553710938e+01
4.727302551269531250e+01
4.649132919311523438e+01
4.600107192993164062e+01
4.663406372070312500e+01
4.601626205444335938e+01
4.611718750000000000e+01
4.611094284057617188e+01
4.535022735595703125e+01
4.443273162841796875e+01
4.549805450439453125e+01
4.511205291748046875e+01
4.603493499755859375e+01
4.633478927612304688e+01
4.522296905517578125e+01
4.464131927490234375e+01
4.472803878784179688e+01
4.571101379394531250e+01
4.570917510986328125e+01
4.517998504638671875e+01
4.662643051147460938e+01
4.590940475463867188e+01
4.572680664062500000e+01
4.635446166992187500e+01
4.564550399780273438e+01
4.692943191528320312e+01
4.669560241699218750e+01
4.578511810302734375e+01
4.606093978881835938e+01
4.642145919799804688e+01
4.628364181518554688e+01
4.528045272827148438e+01
4.489581680297851562e+01
4.586706542968750000e+01
4.525180816650390625e+01
4.616797637939453125e+01
4.516804504394531250e+01
4.572576904296875000e+01
4.628607177734375000e+01
4.669844055175781250e+01
4.523201370239257812e+01
4.781613540649414062e+01
4.584740829467773438e+01
4.513093185424804688e+01
4.597803115844726562e+01
4.579536437988281250e+01
4.493319702148437500e+01
4.366758346557617188e+01
4.467993927001953125e+01
4.458560562133789062e+01
4.577853012084960938e+01
4.449135971069335938e+01
4.512568664550781250e+01
4.414670944213867188e+01
4.729263305664062500e+01
4.412443542480468750e+01
4.362011337280273438e+01
4.341220092773437500e+01
4.377621459960937500e+01
4.318045806884765625e+01
4.417945861816406250e+01
4.389094924926757812e+01
4.376125335693359375e+01
4.376744842529296875e+01
4.459717178344726562e+01
4.514685440063476562e+01
4.550595855712890625e+01
4.433120727539062500e+01
4.494134521484375000e+01
4.541991424560546875e+01
4.597645950317382812e+01
4.505771636962890625e+01
4.529502105712890625e+01
4.466413879394531250e+01
4.550317001342773438e+01
4.752086639404296875e+01
4.594643402099609375e+01
4.712337875366210938e+01
4.699294662475585938e+01
4.721819686889648438e+01
4.790756988525390625e+01
4.829952239990234375e+01
4.730530166625976562e+01
4.685332107543945312e+01
4.672988891601562500e+01
4.666042327880859375e+01
4.648567962646484375e+01
4.665356826782226562e+01
4.689323043823242188e+01
4.721819305419921875e+01
4.640221786499023438e+01
4.662526702880859375e+01
4.623447799682617188e+01
4.607309341430664062e+01
4.628306579589843750e+01
4.750671386718750000e+01
4.762162399291992188e+01
4.789781188964843750e+01
4.812660980224609375e+01
4.674416351318359375e+01
4.796551895141601562e+01
4.853953170776367188e+01
4.805369567871093750e+01
4.872664642333984375e+01
4.740170288085937500e+01
4.831778335571289062e+01
4.750168609619140625e+01
4.748812103271484375e+01
4.777044296264648438e+01
4.996966552734375000e+01
5.001047134399414062e+01
4.964344787597656250e+01
4.946185302734375000e+01
4.923048400878906250e+01
4.977866363525390625e+01
4.965937042236328125e+01
4.925975799560546875e+01
4.960435867309570312e+01
5.086713027954101562e+01
5.057400894165039062e+01
4.995397186279296875e+01
4.994682693481445312e+01
5.097560501098632812e+01
4.996014785766601562e+01
5.052180480957031250e+01
5.155444335937500000e+01
5.085272598266601562e+01
5.265534973144531250e+01
5.266788482666015625e+01
5.310026168823242188e+01
5.229901123046875000e+01
5.265596771240234375e+01
5.187120437622070312e+01
5.369027709960937500e+01
5.331755447387695312e+01
5.282894897460937500e+01
5.291273498535156250e+01
5.404112625122070312e+01
5.446221923828125000e+01
5.325640106201171875e+01
5.400259399414062500e+01
5.524302673339843750e+01
5.431869506835937500e+01
5.382352066040039062e+01
5.515391159057617188e+01
5.442425918579101562e+01
5.568711471557617188e+01
5.472270584106445312e+01
5.347196960449218750e+01
5.403348541259765625e+01
5.311348724365234375e+01
5.390298080444335938e+01
5.322916030883789062e+01
5.388640594482421875e+01
5.379215621948242188e+01
5.345911026000976562e+01
5.287173843383789062e+01
5.107072448730468750e+01
5.356966400146484375e+01
5.332435989379882812e+01
5.245763015747070312e+01
5.192483901977539062e+01
5.356476211547851562e+01
5.308442306518554688e+01
5.428096008300781250e+01
5.402802276611328125e+01
5.352290344238281250e+01
5.226914596557617188e+01
5.306525802612304688e+01
5.461337661743164062e+01
5.272932815551757812e+01
5.363454818725585938e+01
5.195417022705078125e+01
5.252362060546875000e+01
5.358596038818359375e+01
5.362077713012695312e+01
5.416097640991210938e+01
5.416690444946289062e+01
5.455809402465820312e+01
5.448951721191406250e+01
5.435836791992187500e+01
5.314402389526367188e+01
5.657364654541015625e+01
5.576018142700195312e+01
5.672451019287109375e+01
5.581610870361328125e+01
5.537603378295898438e+01
5.446492004394531250e+01
5.399991607666015625e+01
5.304375076293945312e+01
5.173603439331054688e+01
5.342901611328125000e+01
5.335480499267578125e+01
5.327281188964843750e+01
5.338243865966796875e+01
5.285733795166015625e+01
5.325135803222656250e+01
5.257664489746093750e+01
5.310888290405273438e+01
5.376157760620117188e+01
5.390570068359375000e+01
5.382489776611328125e+01
5.406828689575195312e+01
5.389593124389648438e+01
5.505924987792968750e+01
5.491152191162109375e+01
5.500448608398437500e+01
5.635342407226562500e+01
5.521438217163085938e+01
5.470134353637695312e+01
5.636633300781250000e+01
5.554410552978515625e+01
5.644435119628906250e+01
5.550026702880859375e+01
5.533874893188476562e+01
5.445597076416015625e+01
5.500091552734375000e+01
5.601628875732421875e+01
5.670056152343750000e+01
5.706435394287109375e+01
5.541297912597656250e+01
5.605709075927734375e+01
5.485311889648437500e+01
5.603997421264648438e+01
5.555594253540039062e+01
5.645577239990234375e+01
5.558306503295898438e+01
5.691163635253906250e+01
5.618886947631835938e+01
5.616337966918945312e+01
5.643247985839843750e+01
5.575204467773437500e+01
5.656743621826171875e+01
5.530633163452148438e+01
5.519651794433593750e+01
5.473144912719726562e+01
5.583611679077148438e+01
5.584572982788085938e+01
5.584090805053710938e+01
5.489123535156250000e+01
5.546288681030273438e+01
5.544473266601562500e+01
5.609912109375000000e+01
5.552358245849609375e+01
5.581824493408203125e+01
5.640451049804687500e+01
5.476155471801757812e+01
5.397853851318359375e+01
5.412493133544921875e+01
5.500958633422851562e+01
5.391142654418945312e+01
5.363064575195312500e+01
5.295848846435546875e+01
5.438902664184570312e+01
5.471631240844726562e+01
5.423315429687500000e+01
5.414899063110351562e+01
5.585198593139648438e+01
5.565055847167968750e+01
5.612533187866210938e+01
5.584745407104492188e+01
5.767358398437500000e+01
5.631140136718750000e+01
5.697032165527343750e+01
5.668729019165039062e+01
5.709791183471679688e+01
5.829999923706054688e+01
5.705964660644531250e+01
5.705986785888671875e+01
5.729508972167968750e+01
5.623060607910156250e+01
5.674905395507812500e+01
5.870796203613281250e+01
5.756016921997070312e+01
5.715909957885742188e+01
5.776562500000000000e+01
5.785472106933593750e+01
5.692707824707031250e+01
5.704206085205078125e+01
5.716845703125000000e+01
5.785002136230468750e+01
5.780657196044921875e+01
5.797338485717773438e+01
5.765876007080078125e+01
5.755109024047851562e+01
5.818574523925781250e+01
5.649399566650390625e+01
5.667699432373046875e+01
5.630546569824218750e+01
5.715453720092773438e+01
5.594467926025390625e+01
5.703569793701171875e+01
5.653493881225585938e+01
5.750059509277343750e+01
5.684374237060546875e+01
5.646200561523437500e+01
5.633232879638671875e+01
5.575938415527343750e+01
5.464610290527343750e+01
5.442380905151367188e+01
5.250210952758789062e+01
5.163098144531250000e+01
5.208068847656250000e+01
5.153581619262695312e+01
5.241835784912109375e+01
5.336738586425781250e+01
5.295838928222656250e+01
5.362976074218750000e+01
5.550256729125976562e+01
5.395707702636718750e+01
5.425149917602539062e+01
5.408292770385742188e+01
5.472917556762695312e+01
5.562993240356445312e+01
5.660525512695312500e+01
5.717623138427734375e+01
5.610303497314453125e+01
5.706366729736328125e+01
5.615452575683593750e+01
5.627061462402343750e+01
5.696812820434570312e+01
5.668849182128906250e+01
5.781837081909179688e+01
5.804861068725585938e+01
5.766558074951171875e+01
5.841410827636718750e+01
5.811095046997070312e+01
5.757748031616210938e+01
5.731982040405273438e+01
5.827573013305664062e+01
5.734685516357421875e+01
5.884572219848632812e+01
5.842987060546875000e+01
5.844578552246093750e+01
5.888986206054687500e+01
5.804104614257812500e+01
5.933050918579101562e+01
5.957987594604492188e+01
5.750621414184570312e+01
5.866938400268554688e+01
5.766224288940429688e+01
5.722804641723632812e+01
5.629178237915039062e+01
5.567458724975585938e+01
5.548880386352539062e+01
5.636824035644531250e+01
5.769927978515625000e+01
5.630488204956054688e+01
5.534759902954101562e+01
5.554612731933593750e+01
5.511533355712890625e+01
5.603033447265625000e+01
5.594932937622070312e+01
5.437506484985351562e+01
5.511333084106445312e+01
5.568047332763671875e+01
5.707899475097656250e+01
5.715237426757812500e+01
5.919400787353515625e+01
5.978264236450195312e+01
5.984191894531250000e+01
6.033329391479492188e+01
5.981514739990234375e+01
5.973621368408203125e+01
6.026207733154296875e+01
5.979427719116210938e+01
5.959595108032226562e+01
5.851974487304687500e+01
5.924612426757812500e+01
6.003740692138671875e+01
5.937718582153320312e+01
5.924246597290039062e+01
5.892079162597656250e+01
5.837016296386718750e+01
5.826177597045898438e+01
5.923390197753906250e+01
5.807988739013671875e+01
5.649248504638671875e+01
5.654547882080078125e+01
5.556096267700195312e+01
5.553384399414062500e+01
5.608549499511718750e+01
5.587451934814453125e+01
5.706096649169921875e+01
5.539063262939453125e+01
5.669522857666015625e+01
5.629976654052734375e+01
5.569495391845703125e+01
5.610308456420898438e+01
5.680290985107421875e+01
5.632147979736328125e+01
5.607287597656250000e+01
5.597643661499023438e+01
5.560160446166992188e+01
5.563565444946289062e+01
5.516666793823242188e+01
5.535346221923828125e+01
5.354033279418945312e+01
5.513745880126953125e+01
5.277095794677734375e+01
5.335271072387695312e+01
5.350772094726562500e+01
5.374298477172851562e+01
5.422347640991210938e+01
5.363565063476562500e+01
5.507106399536132812e+01
5.518141174316406250e+01
5.601011657714843750e+01
5.673730087280273438e+01
5.524817657470703125e+01
5.581853485107421875e+01
5.561732864379882812e+01
5.528515625000000000e+01
5.610400390625000000e+01
5.537012863159179688e+01
5.579742431640625000e+01
5.422006988525390625e+01
5.435202407836914062e+01
5.476222610473632812e+01
5.561989974975585938e+01
5.454890441894531250e+01
5.377239227294921875e+01
5.450432586669921875e+01
5.412546920776367188e+01
5.511697387695312500e+01
5.429570388793945312e+01
5.392309570312500000e+01
5.522139358520507812e+01
5.501250839233398438e+01
5.471791839599609375e+01
5.479246520996093750e+01
5.457220840454101562e+01
5.549533843994140625e+01
5.712641525268554688e+01
5.782333755493164062e+01
5.644039535522460938e+01
5.740921783447265625e+01
5.850547790527343750e+01
5.735853576660156250e+01
5.796678161621093750e+01
5.775164031982421875e+01
5.889797210693359375e+01
5.769075012207031250e+01
5.881105804443359375e+01
5.585866546630859375e+01
5.810794830322265625e+01
5.768152236938476562e+01
5.726634979248046875e+01
5.800476837158203125e+01
5.815952682495117188e+01
5.772861099243164062e+01
5.720021057128906250e+01
5.551189041137695312e+01
5.653677749633789062e+01
5.670332717895507812e+01
5.859547042846679688e+01
5.799652481079101562e+01
5.801419448852539062e+01
5.829817199707031250e+01
5.732762527465820312e+01
5.685016632080078125e+01
5.679822158813476562e+01
5.751880645751953125e+01
5.672343063354492188e+01
5.619673919677734375e+01
5.521358108520507812e+01
5.475376892089843750e+01
5.466613006591796875e+01
5.617899703979492188e+01
5.608108520507812500e+01
5.534086608886718750e+01
5.559951782226562500e+01
5.605965805053710938e+01
5.535561370849609375e+01
5.551227569580078125e+01
5.641695404052734375e+01
5.497903060913085938e+01
5.414579391479492188e+01
5.631454849243164062e+01
5.507452392578125000e+01
5.533232116699218750e+01
5.558029937744140625e+01
5.537459564208984375e+01
5.498047637939453125e+01
5.378268051147460938e+01
5.575157546997070312e+01
5.494008636474609375e+01
5.552548599243164062e+01
5.641652679443359375e+01
5.707433319091796875e+01
5.660795593261718750e+01
5.607919311523437500e+01
5.554208374023437500e+01
5.493305587768554688e+01
5.481242752075195312e+01
5.506690216064453125e+01
5.489519119262695312e+01
5.662714767456054688e+01
5.593981933593750000e+01
5.705620574951171875e+01
5.670957183837890625e+01
5.565773010253906250e+01
5.597970199584960938e+01
5.587866592407226562e+01
5.643336486816406250e+01
5.663130950927734375e+01
5.552674865722656250e+01
5.642351531982421875e+01
5.678245544433593750e+01
5.689167404174804688e+01
5.796026229858398438e+01
5.609941864013671875e+01
5.809065628051757812e+01
5.460290527343750000e+01
5.427751541137695312e+01
5.217665100097656250e+01
4.974791336059570312e+01
5.170203018188476562e+01
5.300544738769531250e+01
5.169189453125000000e+01
5.072003936767578125e+01
4.963508224487304688e+01
5.064234924316406250e+01
4.992220306396484375e+01
4.893450927734375000e+01
4.980908203125000000e+01
5.056234741210937500e+01
5.078635406494140625e+01
4.967239379882812500e+01
4.987465286254882812e+01
5.022795104980468750e+01
5.064822387695312500e+01
5.079878997802734375e+01
4.993359375000000000e+01
4.962599182128906250e+01
4.843804168701171875e+01
4.765583419799804688e+01
4.761911773681640625e+01
4.805160140991210938e+01
4.690184783935546875e+01
4.588072967529296875e+01
4.693557739257812500e+01
4.607662200927734375e+01
4.863000869750976562e+01
4.831806564331054688e+01
4.600582122802734375e+01
4.799715042114257812e+01
4.753520584106445312e+01
4.844370269775390625e+01
4.816023635864257812e+01
4.744463348388671875e+01
4.795280456542968750e+01
4.810042953491210938e+01
4.934784698486328125e+01
4.881275939941406250e+01
4.734420776367187500e+01
4.773476409912109375e+01
4.916253280639648438e+01
4.977852249145507812e+01
4.950386810302734375e+01
5.071291732788085938e+01
5.119021606445312500e+01
5.266460800170898438e+01
5.273432922363281250e+01
5.280267333984375000e+01
5.268111801147460938e+01
5.429658126831054688e+01
5.306426620483398438e+01
5.167419433593750000e+01
5.157481002807617188e+01
5.265633392333984375e+01
5.178582763671875000e+01
5.144646835327148438e+01
5.134301757812500000e+01
5.159966278076171875e+01
5.265486145019531250e+01
5.193163681030273438e+01
5.151700210571289062e+01
5.215327835083007812e+01
5.075006103515625000e+01
5.178924942016601562e+01
5.133231353759765625e+01
5.241410827636718750e+01
5.103210067749023438e+01
5.178788375854492188e+01
5.099565887451171875e+01
5.044008636474609375e+01
5.195814895629882812e+01
5.183974075317382812e+01
5.106935882568359375e+01
5.094757080078125000e+01
5.105316543579101562e+01
5.049439239501953125e+01
4.917282867431640625e+01
5.046791076660156250e+01
5.128200912475585938e+01
5.043321609497070312e+01
4.977642440795898438e+01
4.880671691894531250e+01
4.994685363769531250e+01
5.111846160888671875e+01
4.972458648681640625e+01
4.949156570434570312e+01
5.010838317871093750e+01
5.031241226196289062e+01
5.153467559814453125e+01
4.940650558471679688e+01
5.127425384521484375e+01
5.069635009765625000e+01
5.045446014404296875e+01
4.951595687866210938e+01
4.959248733520507812e+01
4.961252212524414062e+01
4.897201156616210938e+01
5.031098175048828125e+01
5.011237335205078125e+01
4.875277328491210938e+01
4.859379196166992188e+01
4.899393081665039062e+01
4.907073593139648438e+01
4.910335540771484375e+01
4.899341964721679688e+01
4.839034652709960938e+01
4.727371597290039062e+01
4.881077194213867188e+01
4.944154739379882812e+01
4.906406402587890625e+01
4.848735809326171875e+01
4.752754211425781250e+01
4.720445251464843750e+01
4.747935867309570312e+01
4.766208648681640625e+01
4.786291503906250000e+01
4.745336532592773438e+01
4.630080795288085938e+01
4.849953079223632812e+01
4.834509658813476562e+01
4.810806655883789062e+01
4.821652984619140625e+01
4.845652770996093750e+01
4.817307662963867188e+01
4.865661239624023438e+01
4.869601821899414062e+01
4.924278640747070312e+01
4.834212493896484375e+01
4.864762878417968750e+01
4.974276733398437500e+01
4.864558029174804688e+01
4.984678649902343750e+01
5.049739837646484375e+01
5.042815780639648438e+01
5.022584152221679688e+01
5.027944946289062500e+01
4.985798645019531250e+01
5.007444381713867188e+01
5.003424835205078125e+01
4.984597015380859375e+01
4.991598129272460938e+01
5.016729354858398438e+01
5.054074478149414062e+01
5.143979644775390625e+01
5.105405044555664062e+01
5.097390747070312500e+01
5.019199752807617188e+01
5.160575103759765625e+01
5.145028305053710938e+01
5.071260070800781250e+01
5.243023681640625000e+01
5.157279968261718750e+01
5.210769271850585938e+01
5.181266784667968750e+01
5.330676651000976562e+01
5.287348556518554688e+01
5.275851058959960938e+01
5.458721160888671875e+01
5.349396133422851562e+01
5.417304992675781250e+01
5.391516876220703125e+01
5.392640304565429688e+01
5.446472549438476562e+01
5.446720886230468750e+01
5.474982070922851562e+01
5.379418945312500000e+01
5.483499526977539062e+01
5.334480285644531250e+01
5.463060760498046875e+01
5.248249435424804688e+01
5.254534912109375000e+01
5.357467651367187500e+01
5.254182052612304688e+01
5.233307647705078125e+01
5.170290756225585938e+01
5.071825790405273438e+01
5.186304855346679688e+01
5.041248703002929688e+01
5.142730331420898438e+01
5.076911163330078125e+01
5.071141815185546875e+01
5.082235717773437500e+01
5.135710525512695312e+01
5.168176269531250000e+01
5.159151840209960938e+01
5.156198501586914062e+01
5.148796081542968750e+01
5.252766799926757812e+01
5.287795257568359375e+01
5.339519882202148438e+01
5.323075866699218750e+01
5.435971069335937500e+01
5.304507827758789062e+01
5.457949066162109375e+01
5.375709533691406250e+01
5.365666580200195312e+01
5.399502944946289062e+01
5.531251525878906250e+01
5.488181686401367188e+01
5.392203140258789062e+01
5.399117279052734375e+01
5.382496643066406250e+01
5.369891738891601562e+01
5.458771896362304688e+01
5.331309890747070312e+01
5.522761535644531250e+01
5.331041336059570312e+01
5.390574264526367188e+01
5.383628082275390625e+01
5.437628555297851562e+01
5.314411544799804688e+01
5.288774108886718750e+01
5.396571350097656250e+01
5.526968765258789062e+01
5.414341735839843750e+01
5.434280776977539062e+01
5.627425765991210938e+01
5.560321044921875000e+01
5.594812011718750000e+01
5.648620223999023438e+01
5.733351898193359375e+01
5.630490112304687500e+01
5.641121673583984375e+01
5.752740859985351562e+01
5.604214859008789062e+01
5.708554077148437500e+01
5.621479034423828125e+01
5.575097274780273438e+01
5.550006866455078125e+01
5.569527816772460938e+01
5.563974380493164062e+01
5.609458541870117188e+01
5.507405853271484375e+01
5.630828857421875000e+01
5.610821914672851562e+01
5.586728668212890625e+01
5.526448440551757812e+01
5.504330825805664062e+01
5.824607849121093750e+01
6.077638244628906250e+01
5.899843597412109375e+01
6.098691940307617188e+01
6.058369064331054688e+01
5.973295974731445312e+01
6.085002136230468750e+01
6.032500457763671875e+01
5.977098083496093750e+01
6.132386016845703125e+01
6.000426483154296875e+01
6.043883514404296875e+01
5.946912002563476562e+01
6.045257949829101562e+01
6.055246353149414062e+01
6.069328308105468750e+01
5.992385864257812500e+01
6.029760742187500000e+01
6.178488159179687500e+01
6.053049468994140625e+01
6.028044891357421875e+01
6.083160018920898438e+01
6.015613555908203125e+01
6.026159667968750000e+01
5.922414779663085938e+01
6.031441879272460938e+01
6.001959228515625000e+01
6.003590393066406250e+01
5.946765136718750000e+01
5.903719711303710938e+01
5.926583862304687500e+01
5.994686126708984375e+01
5.965130615234375000e+01
5.931072998046875000e+01
6.008159255981445312e+01
5.979685211181640625e+01
5.933354187011718750e+01
6.019271850585937500e+01
5.824247741699218750e+01
6.066056060791015625e+01
6.014504623413085938e+01
6.048858642578125000e+01
6.035962677001953125e+01
6.043127059936523438e+01
6.037230682373046875e+01
6.022797012329101562e+01
5.978060913085937500e+01
5.923037338256835938e+01
5.927204895019531250e+01
5.984178161621093750e+01
6.018480300903320312e+01
5.932899475097656250e+01
6.037915802001953125e+01
5.891103363037109375e+01
5.879307937622070312e+01
5.796123504638671875e+01
5.907698822021484375e+01
5.810064315795898438e+01
5.850500488281250000e+01
5.868748092651367188e+01
5.709330368041992188e+01
5.669509506225585938e+01
5.727830505371093750e+01
5.641396713256835938e+01
5.597094726562500000e+01
5.712535476684570312e+01
5.679006958007812500e+01
5.823372268676757812e+01
6.061174392700195312e+01
6.001891326904296875e+01
6.192361831665039062e+01
6.154876708984375000e+01
6.053235626220703125e+01
6.084870147705078125e+01
6.052111053466796875e+01
6.014658737182617188e+01
5.916040802001953125e+01
5.951599121093750000e+01
5.859883499145507812e+01
6.049365234375000000e+01
5.915929412841796875e+01
5.932432556152343750e+01
5.885522079467773438e+01
5.972077941894531250e+01
5.834590148925781250e+01
5.872488784790039062e+01
5.911087417602539062e+01
5.786019897460937500e+01
5.816742706298828125e+01
5.929627990722656250e+01
5.877787780761718750e+01
5.905255889892578125e+01
5.902748107910156250e+01
6.013345336914062500e+01
5.934830474853515625e+01
5.717692565917968750e+01
5.868667602539062500e+01
5.629732894897460938e+01
5.715900039672851562e+01
5.808870697021484375e+01
5.793880462646484375e+01
5.665057373046875000e+01
5.624352264404296875e+01
5.606560897827148438e+01
5.749373626708984375e+01
5.686234283447265625e+01
5.866264724731445312e+01
5.954969787597656250e+01
5.840331268310546875e+01
5.859452438354492188e+01
5.866461181640625000e+01
5.961238098144531250e+01
5.931234741210937500e+01
5.881991577148437500e+01
6.022103118896484375e+01
5.879738998413085938e+01
6.000645446777343750e+01
5.882908630371093750e+01
5.830323791503906250e+01
5.839981079101562500e+01
5.917023468017578125e+01
5.999328231811523438e+01
6.048149490356445312e+01
5.955975341796875000e+01
5.966965103149414062e+01
6.074781799316406250e+01
6.206298065185546875e+01
6.089260864257812500e+01
6.046279144287109375e+01
6.119643402099609375e+01
6.222343063354492188e+01
6.014201354980468750e+01
6.254990386962890625e+01
6.181122589111328125e+01
6.153798675537109375e+01
6.117734909057617188e+01
6.232256317138671875e+01
6.115735626220703125e+01
6.188376235961914062e+01
6.245277404785156250e+01
6.187055587768554688e+01
6.210257339477539062e+01
6.215403747558593750e+01
6.142888641357421875e+01
6.214696884155273438e+01
6.249666213989257812e+01
6.327916717529296875e+01
6.288401794433593750e+01
6.276105880737304688e+01
6.260072326660156250e+01
6.239832305908203125e+01
5.983778381347656250e+01
6.130209350585937500e+01
6.157867431640625000e+01
6.173242568969726562e+01
6.032076263427734375e+01
6.019428253173828125e+01
6.057683181762695312e+01
6.002851867675781250e+01
5.924195098876953125e+01
6.055240631103515625e+01
6.017461013793945312e+01
6.046782684326171875e+01
6.124078750610351562e+01
5.953231048583984375e+01
6.002940750122070312e+01
6.040382003784179688e+01
6.047678375244140625e+01
6.129725646972656250e+01
6.016737365722656250e+01
5.941753768920898438e+01
5.963562393188476562e+01
6.143732070922851562e+01
6.029548645019531250e+01
6.047313690185546875e+01
6.030701065063476562e+01
5.974378585815429688e+01
5.932266235351562500e+01
5.989013671875000000e+01
5.969908523559570312e+01
5.964723205566406250e+01
5.906453323364257812e+01
6.004428482055664062e+01
6.042902374267578125e+01
5.884860229492187500e+01
5.915777206420898438e+01
5.937710571289062500e+01
6.094169998168945312e+01
5.984667587280273438e+01
6.119401550292968750e+01
6.060620498657226562e+01
5.956472015380859375e+01
6.125220870971679688e+01
6.176651763916015625e+01
6.091676330566406250e+01
6.097714233398437500e+01
5.986576080322265625e+01
5.951470565795898438e+01
6.113196182250976562e+01
6.139447021484375000e+01
6.152156448364257812e+01
6.237381744384765625e+01
6.181598281860351562e+01
6.212485504150390625e+01
6.099195098876953125e+01
6.175618743896484375e+01
6.251260375976562500e+01
6.087437057495117188e+01
6.102324295043945312e+01
6.169906234741210938e+01
6.051296615600585938e+01
6.021252059936523438e+01
6.092331695556640625e+01
6.196772003173828125e+01
6.111700439453125000e+01
6.029633331298828125e+01
6.032341003417968750e+01
6.053986740112304688e+01
6.007275009155273438e+01
6.219973373413085938e+01
6.084122848510742188e+01
6.152130889892578125e+01
6.153467941284179688e+01
6.122713470458984375e+01
6.219353485107421875e+01
6.248191833496093750e+01
6.173805236816406250e+01
6.164768600463867188e+01
6.271513366699218750e+01
6.220891952514648438e+01
6.168744277954101562e+01
5.969142150878906250e+01
5.958083724975585938e+01
6.064455032348632812e+01
6.115347671508789062e+01
5.993762207031250000e+01
6.041072845458984375e+01
6.045832061767578125e+01
6.009891510009765625e+01
5.985369873046875000e+01
6.007390975952148438e+01
6.045592498779296875e+01
5.906147003173828125e+01
6.055588531494140625e+01
5.970436096191406250e+01
6.121533203125000000e+01
6.149311447143554688e+01
6.054428863525390625e+01
6.169588470458984375e+01
6.102261734008789062e+01
6.125757598876953125e+01
6.130818176269531250e+01
6.062450408935546875e+01
6.028099060058593750e+01
6.012463378906250000e+01
5.955466461181640625e+01
6.006457519531250000e+01
6.016993331909179688e+01
6.067898559570312500e+01
6.060131072998046875e+01
6.030974960327148438e+01
5.961188507080078125e+01
5.891744995117187500e+01
6.090974044799804688e+01
5.945537185668945312e+01
6.006021499633789062e+01
5.939483642578125000e+01
5.963753509521484375e+01
6.004115676879882812e+01
6.127304077148437500e+01
6.140077590942382812e+01
6.139362335205078125e+01
6.014412689208984375e+01
6.131166076660156250e+01
6.166760635375976562e+01
5.922512054443359375e+01
6.176329040527343750e+01
6.092975234985351562e+01
6.206370162963867188e+01
6.102787780761718750e+01
6.198971176147460938e+01
6.168480682373046875e+01
6.099674224853515625e+01
6.258515167236328125e+01
6.247338104248046875e+01
6.062310028076171875e+01
6.083026885986328125e+01
6.191653823852539062e+01
6.084017562866210938e+01
6.078082275390625000e+01
6.049739456176757812e+01
6.063075637817382812e+01
6.086614990234375000e+01
6.089814758300781250e+01
6.086534881591796875e+01
6.116820907592773438e+01
6.131776046752929688e+01
6.029982757568359375e+01
6.034633636474609375e+01
6.058618927001953125e+01
6.027437973022460938e+01
6.089443206787109375e+01
6.004870986938476562e+01
5.926460266113281250e+01
5.999318313598632812e+01
6.103982162475585938e+01
6.027116394042968750e+01
6.076448059082031250e+01
6.029373168945312500e+01
5.930499649047851562e+01
5.877408981323242188e+01
5.490149307250976562e+01
5.347159194946289062e+01
5.373189163208007812e+01
5.300035476684570312e+01
5.275018692016601562e+01
5.283319473266601562e+01
5.284550857543945312e+01
5.379656982421875000e+01
5.333003234863281250e+01
5.318436431884765625e+01
5.325991058349609375e+01
5.218242263793945312e+01
5.189647674560546875e+01
5.199475860595703125e+01
5.360371017456054688e+01
5.275591659545898438e+01
5.203094863891601562e+01
5.150161361694335938e+01
5.138389968872070312e+01
5.172576141357421875e+01
5.175148391723632812e+01
5.254352188110351562e+01
5.214564514160156250e+01
5.321165466308593750e+01
5.321649932861328125e+01
5.356470489501953125e+01
5.253932952880859375e+01
5.262576675415039062e+01
5.296099472045898438e+01
5.299136734008789062e+01
5.349957275390625000e+01
5.330838394165039062e+01
5.419200134277343750e+01
5.419354629516601562e+01
5.374097061157226562e+01
5.343094635009765625e+01
5.428296279907226562e+01
5.401889801025390625e+01
5.440382766723632812e+01
5.527368164062500000e+01
5.378617858886718750e+01
5.499823379516601562e+01
5.429850006103515625e+01
5.417528152465820312e+01
5.310607147216796875e+01
5.486247634887695312e+01
5.567890167236328125e+01
5.481811904907226562e+01
5.368103408813476562e+01
5.467508697509765625e+01
5.544266128540039062e+01
5.635143661499023438e+01
5.740806198120117188e+01
5.881591033935546875e+01
5.831893920898437500e+01
5.822941589355468750e+01
5.978807830810546875e+01
5.823021697998046875e+01
5.812738800048828125e+01
5.900449752807617188e+01
5.908896636962890625e+01
5.904603958129882812e+01
5.978591918945312500e+01
5.735663604736328125e+01
5.720298004150390625e+01
5.779511642456054688e+01
5.602216339111328125e+01
5.553759002685546875e+01
5.476768112182617188e+01
5.480500793457031250e+01
5.430456542968750000e+01
5.208206176757812500e+01
5.218834686279296875e+01
5.159031677246093750e+01
5.396449279785156250e+01
5.400179672241210938e+01
5.372076797485351562e+01
5.199342346191406250e+01
5.277198791503906250e+01
5.174935531616210938e+01
5.337735366821289062e+01
5.308662414550781250e+01
5.147618484497070312e+01
5.231558227539062500e+01
5.210868072509765625e+01
5.117441177368164062e+01
5.168819808959960938e+01
5.111811828613281250e+01
5.279106521606445312e+01
5.115465927124023438e+01
5.278074264526367188e+01
5.329161453247070312e+01
5.289049148559570312e+01
5.295975112915039062e+01
5.373573684692382812e+01
5.283065795898437500e+01
5.223762893676757812e+01
5.288615036010742188e+01
5.236914062500000000e+01
5.232331848144531250e+01
5.090783691406250000e+01
5.228255844116210938e+01
5.254041290283203125e+01
5.360184478759765625e+01
5.116484069824218750e+01
5.224015808105468750e+01
5.169678497314453125e+01
5.294214248657226562e+01
5.161767196655273438e+01
5.287263488769531250e+01
5.367786407470703125e+01
5.394555282592773438e+01
5.443783187866210938e+01
5.552755737304687500e+01
5.458870697021484375e+01
5.717286300659179688e+01
5.692217636108398438e+01
5.825294494628906250e+01
5.727716827392578125e+01
5.758239364624023438e+01
5.819167327880859375e+01
5.824182128906250000e+01
5.800957107543945312e+01
5.868212509155273438e+01
5.820799636840820312e+01
5.774994659423828125e+01
5.781333160400390625e+01
5.706108856201171875e+01
5.671464157104492188e+01
5.750255584716796875e+01
5.614370727539062500e+01
5.674453735351562500e+01
5.575961303710937500e+01
5.748306655883789062e+01
5.712712478637695312e+01
5.783103942871093750e+01
5.775683593750000000e+01
5.907804107666015625e+01
5.855573272705078125e+01
5.882602691650390625e+01
5.746765518188476562e+01
5.772660827636718750e+01
5.806381988525390625e+01
5.850455474853515625e+01
5.838061141967773438e+01
5.754406738281250000e+01
5.881819534301757812e+01
5.777902603149414062e+01
5.825333786010742188e+01
5.884369277954101562e+01
5.958688354492187500e+01
5.897682952880859375e+01
5.985393524169921875e+01
6.106924819946289062e+01
6.053030776977539062e+01
6.068920898437500000e+01
5.965869522094726562e+01
6.063064956665039062e+01
6.029540634155273438e+01
6.043608856201171875e+01
6.047169494628906250e+01
6.101530075073242188e+01
6.051552581787109375e+01
6.027265930175781250e+01
6.000553894042968750e+01
5.998738479614257812e+01
5.965786743164062500e+01
5.959500122070312500e+01
5.849717330932617188e+01
5.734457778930664062e+01
5.854218292236328125e+01
5.943273925781250000e+01
6.015916824340820312e+01
6.009210205078125000e+01
6.017825698852539062e+01
5.966122055053710938e+01
5.921209335327148438e+01
6.038840484619140625e+01
5.982890701293945312e+01
6.056330871582031250e+01
6.065609741210937500e+01
6.025496673583984375e+01
6.084401702880859375e+01
6.039631271362304688e+01
6.091924667358398438e+01
6.066871261596679688e+01
6.213978958129882812e+01
6.141582870483398438e+01
6.125870895385742188e+01
6.238302230834960938e+01
6.188797760009765625e+01
6.152011108398437500e+01
6.153730010986328125e+01
6.284915161132812500e+01
6.170477676391601562e+01
6.192922210693359375e+01
6.275811386108398438e+01
6.074194335937500000e+01
6.296246719360351562e+01
6.227975463867187500e+01
6.285553741455078125e+01
6.268755340576171875e+01
6.260890197753906250e+01
6.355824279785156250e+01
6.226898956298828125e+01
6.400975799560546875e+01
6.290621948242187500e+01
6.282033157348632812e+01
6.328366851806640625e+01
6.247350692749023438e+01
6.278323364257812500e+01
6.343453216552734375e+01
6.168601226806640625e+01
6.230594635009765625e+01
6.374799346923828125e+01
6.257971191406250000e+01
6.278969192504882812e+01
6.328373718261718750e+01
6.358836746215820312e+01
6.329211044311523438e+01
6.288918685913085938e+01
6.362670898437500000e+01
6.308494567871093750e+01
6.341320800781250000e+01
6.411569213867187500e+01
6.314201736450195312e+01
6.343442916870117188e+01
6.249430847167968750e+01
6.463831329345703125e+01
6.360350036621093750e+01
6.375028991699218750e+01
6.324427032470703125e+01
6.260051727294921875e+01
6.350891494750976562e+01
6.282039642333984375e+01
6.500537872314453125e+01
6.402631378173828125e+01
6.337563323974609375e+01
6.343459320068359375e+01
6.304920959472656250e+01
6.428992462158203125e+01
6.232505035400390625e+01
6.293568420410156250e+01
6.299272537231445312e+01
6.289864349365234375e+01
6.427754211425781250e+01
6.391688919067382812e+01
6.518203735351562500e+01
6.388248443603515625e+01
6.366943740844726562e+01
6.372407913208007812e+01
6.424226379394531250e+01
6.388323211669921875e+01
6.297578048706054688e+01
6.514794158935546875e+01
6.392295074462890625e+01
6.335566711425781250e+01
6.380465698242187500e+01
6.459850311279296875e+01
6.457495880126953125e+01
6.382572937011718750e+01
6.475058746337890625e+01
6.332927703857421875e+01
6.472027587890625000e+01
6.399851226806640625e+01
6.372380065917968750e+01
6.426005554199218750e+01
6.474928283691406250e+01
6.486857604980468750e+01
6.561835479736328125e+01
6.348537826538085938e+01
6.359556961059570312e+01
6.523744964599609375e+01
6.554830169677734375e+01
6.450045776367187500e+01
6.390737915039062500e+01
6.463484954833984375e+01
6.389543914794921875e+01
6.487701416015625000e+01
6.454977416992187500e+01
6.395947647094726562e+01
6.408364868164062500e+01
6.451928710937500000e+01
6.414716339111328125e+01
6.422798156738281250e+01
6.332304382324218750e+01
6.457981109619140625e+01
6.451747894287109375e+01
6.365812683105468750e+01
6.367713165283203125e+01
6.416756439208984375e+01
6.317510604858398438e+01
6.408807373046875000e+01
6.438725280761718750e+01
6.374148559570312500e+01
6.475971984863281250e+01
6.372317504882812500e+01
6.420526123046875000e+01
6.491230010986328125e+01
6.394713592529296875e+01
6.478897094726562500e+01
6.328714752197265625e+01
6.519668579101562500e+01
6.358166503906250000e+01
6.420396423339843750e+01
6.260754394531250000e+01
6.377629089355468750e+01
6.392897033691406250e+01
6.527909088134765625e+01
6.577301025390625000e+01
6.392688751220703125e+01
6.282318115234375000e+01
6.356009674072265625e+01
6.448755645751953125e+01
6.377883148193359375e+01
6.346292877197265625e+01
6.475369262695312500e+01
6.415524291992187500e+01
6.463967895507812500e+01
6.340143585205078125e+01
6.605535888671875000e+01
6.508018493652343750e+01
6.354574203491210938e+01
6.403135681152343750e+01
6.530075073242187500e+01
6.501129150390625000e+01
6.508879089355468750e+01
6.391636657714843750e+01
6.516921997070312500e+01
6.493045043945312500e+01
6.370589065551757812e+01
6.610910034179687500e+01
6.397842407226562500e+01
6.438974761962890625e+01
6.541496276855468750e+01
6.486176300048828125e+01
6.467082214355468750e+01
6.479390716552734375e+01
6.508603668212890625e+01
6.470819091796875000e+01
6.419013977050781250e+01
6.456452941894531250e+01
6.481649780273437500e+01
6.447865295410156250e+01
6.444567871093750000e+01
6.451622772216796875e+01
6.446559906005859375e+01
6.446192932128906250e+01
6.515553283691406250e+01
6.399489593505859375e+01
6.498028564453125000e+01
6.468421173095703125e+01
6.547807312011718750e+01
6.459107971191406250e+01
6.476882934570312500e+01
6.570480346679687500e+01
6.456781005859375000e+01
6.523481750488281250e+01
6.471824645996093750e+01
6.356172180175781250e+01
6.496545410156250000e+01
6.565364074707031250e+01
6.599838256835937500e+01
6.496730041503906250e+01
6.405682373046875000e+01
6.438977050781250000e+01
6.489361572265625000e+01
6.535218048095703125e+01
6.535069274902343750e+01
6.372726440429687500e+01
6.498535156250000000e+01
6.418786621093750000e+01
6.463696289062500000e+01
6.511749267578125000e+01
6.506085968017578125e+01
6.370732498168945312e+01
6.291927337646484375e+01
6.468801879882812500e+01
6.546909332275390625e+01
6.567251586914062500e+01
6.469831085205078125e+01
6.367314147949218750e+01
6.434306335449218750e+01
6.419973754882812500e+01
6.441934204101562500e+01
6.394564819335937500e+01
6.447447204589843750e+01
6.424921417236328125e+01
6.496813201904296875e+01
6.552980041503906250e+01
6.448661804199218750e+01
6.478737640380859375e+01
6.454926300048828125e+01
6.545093536376953125e+01
6.550737762451171875e+01
6.496617889404296875e+01
6.350274276733398438e+01
6.345560455322265625e+01
6.554552459716796875e+01
6.516931152343750000e+01
6.438377380371093750e+01
6.393676757812500000e+01
6.483057403564453125e+01
6.415720367431640625e+01
6.439055633544921875e+01
6.541928100585937500e+01
6.422562408447265625e+01
6.472307586669921875e+01
6.487937927246093750e+01
6.540871429443359375e+01
6.442685699462890625e+01
6.546273803710937500e+01
6.469482421875000000e+01
6.518994140625000000e+01
6.570768737792968750e+01
6.534405517578125000e+01
6.508254241943359375e+01
6.539794158935546875e+01
6.438755798339843750e+01
6.537177276611328125e+01
6.450325012207031250e+01
6.508972167968750000e+01
6.512679290771484375e+01
6.550214385986328125e+01
6.438718414306640625e+01
6.484324645996093750e+01
6.458628845214843750e+01
6.525083923339843750e+01
6.416509246826171875e+01
6.591275024414062500e+01
6.570350646972656250e+01
6.500563049316406250e+01
6.619311523437500000e+01
6.443254089355468750e+01
6.532421112060546875e+01
6.456980895996093750e+01
6.506512451171875000e+01
6.427735137939453125e+01
6.433889770507812500e+01
6.487339782714843750e+01
6.458600616455078125e+01
6.532507324218750000e+01
6.448122406005859375e+01
6.529059600830078125e+01
6.553601074218750000e+01
6.402931213378906250e+01
6.412068176269531250e+01
6.620204162597656250e+01
6.456146240234375000e+01
6.460713195800781250e+01
6.525878906250000000e+01
6.481507873535156250e+01
6.614160156250000000e+01
6.492706298828125000e+01
6.639826202392578125e+01
6.533940124511718750e+01
6.507936096191406250e+01
6.497341156005859375e+01
6.468639373779296875e+01
6.540911865234375000e+01
6.459837341308593750e+01
6.526618194580078125e+01
6.517394256591796875e+01
6.384923553466796875e+01
6.621183013916015625e+01
6.501281738281250000e+01
6.523614501953125000e+01
6.541558837890625000e+01
6.638809204101562500e+01
6.518998718261718750e+01
6.599993896484375000e+01
6.489768218994140625e+01
6.335084533691406250e+01
6.580009460449218750e+01
6.422796630859375000e+01
6.596917724609375000e+01
6.475004577636718750e+01
6.426065063476562500e+01
6.487288665771484375e+01
6.479077148437500000e+01
6.547599029541015625e+01
6.524452972412109375e+01
6.514010620117187500e+01
6.497959136962890625e+01
6.443139648437500000e+01
6.428684997558593750e+01
6.527511596679687500e+01
6.486093902587890625e+01
6.494909667968750000e+01
6.536011505126953125e+01
6.610102844238281250e+01
6.623590850830078125e+01
6.530197906494140625e+01
6.420089721679687500e+01
6.560539245605468750e+01
6.477709960937500000e+01
6.570244598388671875e+01
6.366689682006835938e+01
6.679972839355468750e+01
6.426314544677734375e+01
6.468644714355468750e+01
6.456576538085937500e+01
6.498274230957031250e+01
6.515194702148437500e+01
6.557772827148437500e+01
6.550265502929687500e+01
6.485690307617187500e+01
6.485581970214843750e+01
6.493087768554687500e+01
6.544589233398437500e+01
6.653944396972656250e+01
6.378720855712890625e+01
6.498703002929687500e+01
6.589437866210937500e+01
6.619453430175781250e+01
6.585925292968750000e+01
6.463865661621093750e+01
6.420967864990234375e+01
6.486195373535156250e+01
6.573828887939453125e+01
6.508161926269531250e+01
6.466880798339843750e+01
6.573023223876953125e+01
6.511302185058593750e+01
6.503656768798828125e+01
6.478174591064453125e+01
6.591725158691406250e+01
6.568110656738281250e+01
6.484750366210937500e+01
6.603508758544921875e+01
6.505963134765625000e+01
6.509782409667968750e+01
6.517678070068359375e+01
6.615010833740234375e+01
6.495584106445312500e+01
6.496547698974609375e+01
6.509166717529296875e+01
6.464775085449218750e+01
6.410846710205078125e+01
6.306935882568359375e+01
6.579080200195312500e+01
6.471510314941406250e+01
6.549266815185546875e+01
6.589326477050781250e+01
6.499987792968750000e+01
6.643061065673828125e+01
6.443097686767578125e+01
6.589822387695312500e+01
6.660603332519531250e+01
6.454674530029296875e+01
6.445831298828125000e+01
6.430718994140625000e+01
6.272571182250976562e+01
6.533724212646484375e+01
6.608590698242187500e+01
6.578004455566406250e+01
6.543666839599609375e+01
6.446631622314453125e+01
6.434201049804687500e+01
6.542127990722656250e+01
6.558655548095703125e+01
6.616361999511718750e+01
6.474411010742187500e+01
6.567756652832031250e+01
6.452896118164062500e+01
6.555110168457031250e+01
6.659159851074218750e+01
6.643537902832031250e+01
6.483652496337890625e+01
6.469239807128906250e+01
6.537245178222656250e+01
6.378503036499023438e+01
6.508746337890625000e+01
6.510044860839843750e+01
6.626660919189453125e+01
6.503517913818359375e+01
6.478395080566406250e+01
6.358343505859375000e+01
6.485003662109375000e+01
6.449005889892578125e+01
6.521034240722656250e+01
6.420900726318359375e+01
6.469848632812500000e+01
6.488667297363281250e+01
6.482727050781250000e+01
6.352947235107421875e+01
6.558831787109375000e+01
6.473056030273437500e+01
6.475669860839843750e+01
6.465455627441406250e+01
6.430168151855468750e+01
6.422524261474609375e+01
6.442106628417968750e+01
6.369660186767578125e+01
6.472064208984375000e+01
6.544325256347656250e+01
6.401418304443359375e+01
6.457940673828125000e+01
6.335313034057617188e+01
6.280908584594726562e+01
6.377191162109375000e+01
6.339849853515625000e+01
6.289657592773437500e+01
6.394342041015625000e+01
6.283726501464843750e+01
6.448329162597656250e+01
6.251781463623046875e+01
6.349752807617187500e+01
6.550857543945312500e+01
6.429064941406250000e+01
6.397500610351562500e+01
6.395617294311523438e+01
6.409545898437500000e+01
6.511457824707031250e+01
6.420069122314453125e+01
6.390464019775390625e+01
6.418935394287109375e+01
6.553572082519531250e+01
6.512400817871093750e+01
6.691980743408203125e+01
6.322162246704101562e+01
6.524176025390625000e+01
6.411952972412109375e+01
6.550640869140625000e+01
6.517486572265625000e+01
6.538562011718750000e+01
6.460090637207031250e+01
6.525466918945312500e+01
6.496875000000000000e+01
6.446976470947265625e+01
6.489794921875000000e+01
6.501039886474609375e+01
6.456483459472656250e+01
6.468893432617187500e+01
6.482366943359375000e+01
6.329640197753906250e+01
6.381316757202148438e+01
6.439489746093750000e+01
6.467948913574218750e+01
6.324229431152343750e+01
6.439255523681640625e+01
6.597811889648437500e+01
6.333731079101562500e+01
6.510047912597656250e+01
6.392773056030273438e+01
6.537550354003906250e+01
6.371796798706054688e+01
6.423208618164062500e+01
6.372533798217773438e+01
6.551179504394531250e+01
6.549868774414062500e+01
6.454001617431640625e+01
6.428799438476562500e+01
6.424407958984375000e+01
6.475555419921875000e+01
6.449324035644531250e+01
6.583269500732421875e+01
